-0.0467057978
-0.0039378130
-0.0747734430
1.2941617921
-0.0490218992
-0.1173149067
-0.0960032275
-0.0087803447
-0.0802315806
0.2508870597
-0.0195626414
-0.0283658368
-0.0978483741
-0.0693931525
0.1472189398
1.1023104005
-0.0318028308
-0.0080302559
-0.0980149835
0.4384656693
-0.1342084151
-0.0381878920
-0.0569697217
-0.0414867828
-0.0043602188
0.9270926285
-0.0968113304
-0.0435606397
-0.0413065918
-0.0463698461
-0.0466345307
-0.0133395481
-0.0781373870
0.4678603473
-0.0462390588
-0.0475884723
-0.0881083853
-0.0038731426
-0.0493984402
-0.0122761868
0.8930201982
1.2010351244
-0.0457840708
0.3986119261
-0.0019235552
-0.0265740145
-0.0288386721
-0.0347131348
-0.0410783181
0.6785355332
-0.0494164159
-0.0703599010
-0.0033171279
-0.0152797006
-0.2472397660
0.7199966183
0.1705318122
-0.0134541817
0.3937821608
-0.0728128967
-0.0331226227
0.7316275585
-0.0430788670
-0.4077860590
-0.0059150076
-0.0218425526
-0.0507952238
-0.0125073430
-0.0312576756
-0.0473935655
-0.0477623366
0.2906320925
-0.0897069959
1.1643960504
-0.0376146065
0.3334537654
-1.0171738551
0.4613009080
0.8716886494
-0.0839164132
0.1719975736
-0.0741924757
-0.0445988578
-0.0363678220
-0.0289196003
-0.1212149321
-0.0317900817
0.0335286292
-0.0464572345
-0.0080312031
0.0479108979
-0.0460661736
-0.0097006629
-0.0030165490
-0.0465167284
-0.0290739749
-0.0417483893
-0.0135644110
-0.7703995400
-0.0406669323
