0.2881907617
0.2242695999
-0.0464078700
0.0321844879
0.4986160310
0.1716089887
-0.0901078774
0.1419106190
-0.0384519330
0.1161331432
0.2941372134
0.2826554588
-0.1049872921
0.0344777515
0.1509482476
0.1491041253
0.1086924417
-0.0467046900
0.0923531029
0.0667171419
0.0063944039
-0.0434138300
0.1567854718
-0.0477324962
0.0228470111
-0.0868496650
-0.0237301948
-0.0393862600
0.1861223752
-0.1777668161
0.3928403629
-0.1074412994
0.2786177880
-0.0407933600
-0.0794979009
-0.0608211043
-0.0675127300
0.1133164087
0.2804915773
-0.1068964587
-0.0364901669
-0.0399641800
0.2332270541
-0.0651054007
-0.1026275000
-0.0403531700
-0.1716488465
0.1497918915
-0.0767346700
0.1928544193
0.1070806808
-0.0292408036
-0.0656124700
0.2365482672
-0.0281672300
0.0364301680
-0.0798467200
-0.0266022882
-0.0132888800
-0.0457778600
-0.0267063613
-0.0610105400
0.1827047419
0.1165863542
-0.0146160000
0.0113601079
0.2156377057
-0.1749885833
0.1983211442
-0.0559270800
0.1284208434
0.1989917531
-0.0769919100
-0.0328849000
-0.0325280900
0.2399824781
-0.0481815300
-0.0323827700
0.2353587397
-0.0699562100
0.1001428569
-0.0775657000
-0.0476148200
0.2708781377
-0.0432859549
0.1785714528
-0.0461548300
0.0053172217
0.1133812421
0.2605917154
0.1891071379
0.3516687021
-0.1009270809
-0.0317249600
0.1760829725
0.7800919935
0.1110403641
0.1726978956
0.6030430058
0.2718123731
